0 0 -0.358771 -9.75326 
1 0.393385 -0.00238407 -15.9038 
2 0.763415 0.34704 -20.7822 
3 1.09591 0.675813 -24.1288 
4 1.37846 0.971334 -25.7759 
5 1.60086 1.22257 -25.6545 
6 1.75552 1.42045 -23.7959 
7 1.83765 1.55821 -20.3284 
8 1.84545 1.63159 -15.469 
9 1.78006 1.63895 -9.51026 
10 1.64553 1.58131 -2.80436 
11 1.44856 1.46224 4.25664 
12 1.19816 1.28768 11.2616 
13 0.905319 1.06561 17.8024 
14 0.582449 0.80578 23.4949 
15 0.242926 0.519208 27.9997 
16 -0.0994863 0.217767 31.0393 
17 -0.431182 -0.0863227 32.4127 
18 -0.739248 -0.380975 32.0059 
19 -1.01196 -0.654718 29.7983 
20 -1.23923 -0.897134 25.8635 
21 -1.41297 -1.09925 20.3666 
22 -1.52736 -1.25387 13.5561 
23 -1.57904 -1.35581 5.75193 
24 -1.56722 -1.40209 -2.6701 
