0 0
1 0.393385
2 0.763415
3 1.09591
4 1.37846
5 1.60086
6 1.75552
7 1.83765
8 1.84545
9 1.78006
10 1.64553
11 1.44856
12 1.19816
13 0.905319
14 0.582449
15 0.242926
16 -0.0994863
17 -0.431182
18 -0.739248
19 -1.01196
20 -1.23923
21 -1.41297
22 -1.52736
23 -1.57904
24 -1.56722
25 -1.49362
26 -1.36238
27 -1.17983
28 -0.954202
29 -0.69529
30 -0.413992
31 -0.121883
32 0.169264
33 0.447949
34 0.70339
35 0.925941
36 1.10745
37 1.24154
38 1.32385
39 1.35214
40 1.32637
41 1.24863
42 1.12302
43 0.955464
44 0.753416
45 0.525557
46 0.281414
47 0.0309694
48 -0.215741
49 -0.44903
50 -0.659931
51 -0.840543
52 -0.98432
53 -1.0863
54 -1.14328
55 -1.15389
56 -1.11863
57 -1.03981
58 -0.921401
59 -0.76888
60 -0.588955
61 -0.389288
62 -0.178172
63 0.0358147
64 0.244147
65 0.438693
66 0.612028
67 0.757713
68 0.870532
69 0.94667
70 0.983842
71 0.981348
72 0.940072
73 0.862416
74 0.752172
75 0.614348
76 0.454945
77 0.280696
78 0.0987898
79 -0.0834229
80 -0.258727
81 -0.420321
82 -0.562085
83 -0.6788
84 -0.766344
85 -0.821831
86 -0.843701
87 -0.831752
88 -0.787129
89 -0.712243
90 -0.610657
91 -0.48692
92 -0.346365
93 -0.194889
94 -0.0387
95 0.115927
96 0.262906
97 0.396571
98 0.511897
99 0.604684
100 0.671708
101 0.710825
102 0.721041
103 0.702523
104 0.656574
105 0.585555
106 0.492772
107 0.382328
108 0.258942
109 0.127753
110 -0.00589269
111 -0.136659
112 -0.259429
113 -0.369502
114 -0.462775
115 -0.535889
116 -0.586351
117 -0.612612
118 -0.614113
119 -0.591284
120 -0.54551
121 -0.479057
122 -0.394965
123 -0.296909
124 -0.189046
125 -0.0758388
126 0.0381277
127 0.148329
128 0.250479
129 0.340694
130 0.415643
131 0.472661
132 0.509846
133 0.526122
134 0.521257
135 0.495862
136 0.45135
137 0.389859
138 0.31416
139 0.227528
140 0.133609
141 0.0362628
142 -0.0605908
143 -0.153129
144 -0.237776
145 -0.311338
146 -0.371124
147 -0.415041
148 -0.441665
149 -0.450286
150 -0.440919
151 -0.414291
152 -0.371797
153 -0.315432
154 -0.247702
155 -0.171512
156 -0.0900444
157 -0.0066266
158 0.0754016
159 0.152822
160 0.222662
161 0.282309
162 0.329604
163 0.36292
164 0.381217
165 0.384066
166 0.371662
167 0.344797
168 0.304821
169 0.253575
170 0.193309
171 0.126588
172 0.0561797
173 -0.0150578
174 -0.084289
175 -0.148814
176 -0.206173
177 -0.254238
178 -0.291291
179 -0.316085
180 -0.32788
181 -0.326468
182 -0.312165
183 -0.285794
184 -0.248636
185 -0.202376
186 -0.149024
187 -0.0908317
188 -0.0301975
189 0.030431
190 0.0886549
191 0.142218
192 0.189093
193 0.227557
194 0.256256
195 0.274246
196 0.281029
197 0.276557
198 0.26123
199 0.235871
200 0.20168
201 0.160186
202 0.113175
203 0.0626173
204 0.0105826
205 -0.0408405
206 -0.0896294
207 -0.133906
208 -0.172007
209 -0.202547
210 -0.224468
211 -0.237073
212 -0.240047
213 -0.233465
214 -0.217774
215 -0.193777
216 -0.162588
217 -0.125583
218 -0.0843409
219 -0.0405786
220 0.00392286
221 0.0473879
222 0.0881171
223 0.124553
224 0.155339
225 0.179369
226 0.195826
227 0.204208
228 0.204343
229 0.196391
230 0.180825
231 0.158411
232 0.130174
233 0.0973448
234 0.0613138
235 0.0235701
236 -0.0143588
237 -0.0509685
238 -0.0848366
239 -0.114677
240 -0.139389
241 -0.158096
242 -0.170177
243 -0.175285
244 -0.173356
245 -0.164605
246 -0.149515
247 -0.128807
248 -0.103413
249 -0.0744289
250 -0.0430741
251 -0.0106357
252 0.0215812
253 0.0523063
254 0.0803532
255 0.104665
