0 0 -0.358771 0
1 0.393385 -0.00238407 -0.141135
2 0.763415 0.34704 -0.274829
3 1.09591 0.675813 -0.25848
4 1.37846 0.971334 0.033626
5 1.60086 1.22257 0.70073
6 1.75552 1.42045 1.80784
7 1.83765 1.55821 3.38027
8 1.84545 1.63159 5.40078
9 1.78006 1.63895 7.80943
10 1.64553 1.58131 10.5061
11 1.44856 1.46224 13.3557
12 1.19816 1.28768 16.1957
13 0.905319 1.06561 18.8451
14 0.582449 0.80578 21.1156
15 0.242926 0.519208 22.8225
16 -0.0994863 0.217767 23.7969
17 -0.431182 -0.0863227 23.896
18 -0.739248 -0.380975 23.0136
19 -1.01196 -0.654718 21.0882
20 -1.23923 -0.897134 18.1089
21 -1.41297 -1.09925 14.1192
22 -1.52736 -1.25387 9.21732
23 -1.57904 -1.35581 3.55455
24 -1.56722 -1.40209 -2.6701
